 1.40000000e+00  8.40854645e-01 
 1.41000000e+00  8.43978533e-01 
 1.42000000e+00  8.47082336e-01 
 1.43000000e+00  8.50162208e-01 
 1.44000000e+00  8.53221452e-01 
 1.45000000e+00  8.56258453e-01 
 1.46000000e+00  8.59273030e-01 
 1.47000000e+00  8.62264345e-01 
 1.48000000e+00  8.65232394e-01 
 1.49000000e+00  8.68176611e-01 
 1.50000000e+00  8.71096572e-01 
 1.51000000e+00  8.73991855e-01 
 1.52000000e+00  8.76862051e-01 
 1.53000000e+00  8.79706984e-01 
 1.54000000e+00  8.82525634e-01 
 1.55000000e+00  8.85318293e-01 
 1.56000000e+00  8.88084417e-01 
 1.57000000e+00  8.90823740e-01 
 1.58000000e+00  8.93536000e-01 
 1.59000000e+00  8.96220954e-01 
 1.60000000e+00  8.98878517e-01 
 1.61000000e+00  9.01508483e-01 
 1.62000000e+00  9.04110814e-01 
 1.63000000e+00  9.06685512e-01 
 1.64000000e+00  9.09232663e-01 
 1.65000000e+00  9.11752470e-01 
 1.66000000e+00  9.14245270e-01 
 1.67000000e+00  9.16711631e-01 
 1.68000000e+00  9.19152425e-01 
 1.69000000e+00  9.21568980e-01 
 1.70000000e+00  9.23963270e-01 
 1.71000000e+00  9.26338179e-01 
 1.72000000e+00  9.28697769e-01 
 1.73000000e+00  9.31047474e-01 
 1.74000000e+00  9.33393994e-01 
 1.75000000e+00  9.35744667e-01 
 1.76000000e+00  9.38106251e-01 
 1.77000000e+00  9.40483470e-01 
 1.78000000e+00  9.42878035e-01 
 1.79000000e+00  9.45288630e-01 
 1.80000000e+00  9.47711718e-01 
 1.81000000e+00  9.50142649e-01 
 1.82000000e+00  9.52576536e-01 
 1.83000000e+00  9.55009046e-01 
 1.84000000e+00  9.57436314e-01 
 1.85000000e+00  9.59855299e-01 
 1.86000000e+00  9.62263657e-01 
 1.87000000e+00  9.64659657e-01 
 1.88000000e+00  9.67042093e-01 
 1.89000000e+00  9.69410183e-01 
 1.90000000e+00  9.71763491e-01 
 1.91000000e+00  9.74101851e-01 
 1.92000000e+00  9.76425304e-01 
 1.93000000e+00  9.78734047e-01 
 1.94000000e+00  9.81028255e-01 
 1.95000000e+00  9.83308622e-01 
 1.96000000e+00  9.85575392e-01 
 1.97000000e+00  9.87829027e-01 
 1.98000000e+00  9.90070000e-01 
 1.99000000e+00  9.92298778e-01 
 2.00000000e+00  9.94515818e-01 
 2.01000000e+00  9.96721558e-01 
 2.02000000e+00  9.98916415e-01 
 2.03000000e+00  1.00110078e+00 
 2.04000000e+00  1.00327503e+00 
 2.05000000e+00  1.00543951e+00 
 2.06000000e+00  1.00759454e+00 
 2.07000000e+00  1.00974043e+00 
 2.08000000e+00  1.01187746e+00 
 2.09000000e+00  1.01400588e+00 
 2.10000000e+00  1.01612595e+00 
 2.11000000e+00  1.01823790e+00 
 2.12000000e+00  1.02034193e+00 
 2.13000000e+00  1.02243826e+00 
 2.14000000e+00  1.02452707e+00 
 2.15000000e+00  1.02660853e+00 
 2.16000000e+00  1.02868283e+00 
 2.17000000e+00  1.03074977e+00 
 2.18000000e+00  1.03281023e+00 
 2.19000000e+00  1.03486397e+00 
 2.20000000e+00  1.03691113e+00 
