-4.00000000e+01  9.90141682e-01 
-3.90000000e+01  9.90192075e-01 
-3.80000000e+01  9.90241114e-01 
-3.70000000e+01  9.90289354e-01 
-3.60000000e+01  9.90336228e-01 
-3.50000000e+01  9.90381885e-01 
-3.40000000e+01  9.90426374e-01 
-3.30000000e+01  9.90469672e-01 
-3.20000000e+01  9.90511813e-01 
-3.10000000e+01  9.90552785e-01 
-3.00000000e+01  9.90592583e-01 
-2.90000000e+01  9.90631201e-01 
-2.80000000e+01  9.90668635e-01 
-2.70000000e+01  9.90704881e-01 
-2.60000000e+01  9.90739939e-01 
-2.50000000e+01  9.90773804e-01 
-2.40000000e+01  9.90806477e-01 
-2.30000000e+01  9.90837956e-01 
-2.20000000e+01  9.90868240e-01 
-2.10000000e+01  9.90897328e-01 
-2.00000000e+01  9.90925219e-01 
-1.90000000e+01  9.90951912e-01 
-1.80000000e+01  9.90977407e-01 
-1.70000000e+01  9.91001703e-01 
-1.60000000e+01  9.91024799e-01 
-1.50000000e+01  9.91046694e-01 
-1.40000000e+01  9.91067386e-01 
-1.30000000e+01  9.91086864e-01 
-1.20000000e+01  9.91105069e-01 
-1.10000000e+01  9.91122299e-01 
-1.00000000e+01  9.91138193e-01 
-9.00000000e+00  9.91152887e-01 
-8.00000000e+00  9.91166381e-01 
-7.00000000e+00  9.91178641e-01 
-6.00000000e+00  9.91189765e-01 
-5.00000000e+00  9.91199657e-01 
-4.00000000e+00  9.91208343e-01 
-3.00000000e+00  9.91215841e-01 
-2.00000000e+00  9.91222134e-01 
-1.00000000e+00  9.91227228e-01 
 0.00000000e+00  9.91231124e-01 
 1.00000000e+00  9.91233823e-01 
 2.00000000e+00  9.91235325e-01 
 3.00000000e+00  9.91235631e-01 
 4.00000000e+00  9.91234747e-01 
 5.00000000e+00  9.91232656e-01 
 6.00000000e+00  9.91229409e-01 
 7.00000000e+00  9.91224920e-01 
 8.00000000e+00  9.91219266e-01 
 9.00000000e+00  9.91212417e-01 
 1.00000000e+01  9.91204398e-01 
 1.10000000e+01  9.91195188e-01 
 1.20000000e+01  9.91184797e-01 
 1.30000000e+01  9.91173250e-01 
 1.40000000e+01  9.91160487e-01 
 1.50000000e+01  9.91146572e-01 
 1.60000000e+01  9.91131491e-01 
 1.70000000e+01  9.91115155e-01 
 1.80000000e+01  9.91097829e-01 
 1.90000000e+01  9.91079275e-01 
 2.00000000e+01  9.91059569e-01 
 2.10000000e+01  9.91038718e-01 
 2.20000000e+01  9.91016730e-01 
 2.30000000e+01  9.90993613e-01 
 2.40000000e+01  9.90969373e-01 
 2.50000000e+01  9.90944020e-01 
 2.60000000e+01  9.90917564e-01 
 2.70000000e+01  9.90890013e-01 
 2.80000000e+01  9.90861381e-01 
 2.90000000e+01  9.90831678e-01 
 3.00000000e+01  9.90800918e-01 
 3.10000000e+01  9.90769115e-01 
 3.20000000e+01  9.90736287e-01 
 3.30000000e+01  9.90702450e-01 
 3.40000000e+01  9.90667622e-01 
 3.50000000e+01  9.90631826e-01 
 3.60000000e+01  9.90595084e-01 
 3.70000000e+01  9.90557419e-01 
 3.80000000e+01  9.90518859e-01 
 3.90000000e+01  9.90479432e-01 
 4.00000000e+01  9.90439171e-01 
 4.10000000e+01  9.90398109e-01 
 4.20000000e+01  9.90356283e-01 
 4.30000000e+01  9.90313733e-01 
 4.40000000e+01  9.90270502e-01 
 4.50000000e+01  9.90226636e-01 
 4.60000000e+01  9.90182185e-01 
 4.70000000e+01  9.90137202e-01 
 4.80000000e+01  9.90091747e-01 
 4.90000000e+01  9.90045879e-01 
 5.00000000e+01  9.89999665e-01 
 5.10000000e+01  9.89953193e-01 
 5.20000000e+01  9.89906503e-01 
 5.30000000e+01  9.89859693e-01 
 5.40000000e+01  9.89812844e-01 
 5.50000000e+01  9.89766047e-01 
 5.60000000e+01  9.89719395e-01 
 5.70000000e+01  9.89672987e-01 
 5.80000000e+01  9.89626925e-01 
 5.90000000e+01  9.89581316e-01 
 6.00000000e+01  9.89536273e-01 
 6.10000000e+01  9.89491911e-01 
 6.20000000e+01  9.89448349e-01 
 6.30000000e+01  9.89405711e-01 
 6.40000000e+01  9.89364121e-01 
 6.50000000e+01  9.89323709e-01 
 6.60000000e+01  9.89284604e-01 
 6.70000000e+01  9.89246936e-01 
 6.80000000e+01  9.89210838e-01 
 6.90000000e+01  9.89176440e-01 
 7.00000000e+01  9.89143873e-01 
 7.10000000e+01  9.89113266e-01 
 7.20000000e+01  9.89084744e-01 
 7.30000000e+01  9.89058432e-01 
 7.40000000e+01  9.89034447e-01 
 7.50000000e+01  9.89012904e-01 
 7.60000000e+01  9.88993911e-01 
 7.70000000e+01  9.88977573e-01 
 7.80000000e+01  9.88963986e-01 
 7.90000000e+01  9.88953240e-01 
 8.00000000e+01  9.88945417e-01 
 8.10000000e+01  9.88940594e-01 
 8.20000000e+01  9.88938836e-01 
 8.30000000e+01  9.88940205e-01 
 8.40000000e+01  9.88944753e-01 
 8.50000000e+01  9.88952524e-01 
 8.60000000e+01  9.88963557e-01 
 8.70000000e+01  9.88977879e-01 
 8.80000000e+01  9.88995516e-01 
 8.90000000e+01  9.89016484e-01 
 9.00000000e+01  9.89040792e-01 
 9.10000000e+01  9.89068446e-01 
 9.20000000e+01  9.89099445e-01 
 9.30000000e+01  9.89133745e-01 
 9.40000000e+01  9.89171416e-01 
 9.50000000e+01  9.89212402e-01 
 9.60000000e+01  9.89256686e-01 
 9.70000000e+01  9.89304247e-01 
 9.80000000e+01  9.89355062e-01 
 9.90000000e+01  9.89409106e-01 
 1.00000000e+02  9.89466350e-01 
 1.01000000e+02  9.89526768e-01 
 1.02000000e+02  9.89590327e-01 
 1.03000000e+02  9.89656999e-01 
 1.04000000e+02  9.89726750e-01 
 1.05000000e+02  9.89799551e-01 
 1.06000000e+02  9.89875369e-01 
 1.07000000e+02  9.89954172e-01 
 1.08000000e+02  9.90035930e-01 
 1.09000000e+02  9.90120611e-01 
 1.10000000e+02  9.90208187e-01 
 1.11000000e+02  9.90298627e-01 
 1.12000000e+02  9.90391903e-01 
 1.13000000e+02  9.90487989e-01 
 1.14000000e+02  9.90586858e-01 
 1.15000000e+02  9.90688486e-01 
 1.16000000e+02  9.90792849e-01 
 1.17000000e+02  9.90899924e-01 
 1.18000000e+02  9.91009692e-01 
 1.19000000e+02  9.91122133e-01 
 1.20000000e+02  9.91237228e-01 
 1.21000000e+02  9.91354962e-01 
 1.22000000e+02  9.91475319e-01 
 1.23000000e+02  9.91598287e-01 
 1.24000000e+02  9.91723854e-01 
 1.25000000e+02  9.91852009e-01 
